CT2:dynamic:b017cd08;6) Classic Cryptanalysis;CT2:C \ Cryptanalysis \ Generic \ ADFGVX Analyzer
CT2:dynamic:e888bdf8;6) Classic Cryptanalysis;CT2:T \ Cryptanalysis \ Classical \ ADFGVX heuristic analysis
CT2:dynamic:108a860e;13) Protocols;CT2:C \ Protocols \ Bitcoin Block Viewer
CT2:dynamic:d4ea7e1d;13) Protocols;CT2:T \ Experimental \ Bitcoin Blockchain Analysis
CT2:dynamic:51a3e694;13) Protocols;CT2:C \ Protocols \ Bitcoin Transaction Viewer
CT2:dynamic:d4ea7e1d;13) Protocols;CT2:T \ Experimental \ Bitcoin Blockchain Analysis
CT2:dynamic:9c08e5e5;14) Tools;CT2:C \ Tools \ Data input \ output \ Clipboard Input
CT2:dynamic:ae26121d;14) Tools;CT2:C \ Tools \ Data input \ output \ Clipboard Output
CT2:dynamic:cbefba06;14) Tools;CT2:C \ Tools \ Misc \ Concatenate
CT2:dynamic:75413309;3) Hash and MAC Algorithms;CT2:T \ Hash Functions \ CRC Null problems
CT2:dynamic:66b44f04;14) Tools;CT2:C \ Cryptanalysis \ Generic \ Contains
CT2:dynamic:db755fbe;6) Classic Cryptanalysis;CT2:T \ Cryptanalysis \ Classical \ ADFGVX dictionary attack
CT2:dynamic:e888bdf8;6) Classic Cryptanalysis;CT2:T \ Cryptanalysis \ Classical \ ADFGVX heuristic analysis
CT2:dynamic:2f3ee9c9;6) Classic Cryptanalysis;CT2:T \ Cryptanalysis \ Classical \ Monoalphabetic Substitution Analyzer with arbitrary Ciphertext Alphabet
CT2:dynamic:3a211673;6) Classic Cryptanalysis;CT2:C \ Cryptanalysis \ Specific \ Alg.Attack: Compute annihilators
CT2:dynamic:9ffdb569;6) Classic Cryptanalysis;CT2:C \ Cryptanalysis \ Specific \ Alg. attack: Compute XZ
CT2:dynamic:75413309;3) Hash and MAC Algorithms;CT2:T \ Hash Functions \ CRC Null problems
CT2:dynamic:5eb1c3f8;1) Classic Ciphers;CT2:C \ Classic Ciphers \ Cylinder Cipher
CT2:dynamic:39986255;6) Classic Cryptanalysis;CT2:T \ Cryptanalysis \ Classical \ Enigma Analyzer
CT2:dynamic:767cdf73;6) Classic Cryptanalysis;CT2:C \ Cryptanalysis \ Specific \ Enigma Analyzer
CT2:dynamic:7b51c6e9;2) Modern Ciphers;CT2:C \ Modern Ciphers \ Symmetric \ Feistel Cipher
CT2:dynamic:39986255;6) Classic Cryptanalysis;CT2:T \ Cryptanalysis \ Classical \ Enigma Analyzer
CT2:dynamic:c143fa87;14) Tools;CT2:C \ Tools \ Data input \ output \ IP Frame Generator
CT2:dynamic:afdf251b;6) Classic Cryptanalysis;CT2:C \ Cryptanalysis \ Generic \ Kasiski's Test
CT2:dynamic:a4872407;2) Modern Ciphers;CT2:C \ Tools \ Misc \ LFSR
CT2:dynamic:724db784;6) Classic Cryptanalysis;CT2:T \ Cryptanalysis \ Classical \ M-138 Partially-Known Plaintext Attack
CT2:dynamic:b3c45fe8;2) Modern Ciphers;CT2:C \ Modern Ciphers \ Symmetric \ MiniTreyfer
CT2:dynamic:d1d02228;6) Classic Cryptanalysis;CT2:T \ Cryptanalysis \ Classical \ Playfair Analysis
CT2:dynamic:9c8873bb;6) Classic Cryptanalysis;CT2:C \ Cryptanalysis \ Specific \ Playfair Analyzer
CT2:dynamic:d1d02228;6) Classic Cryptanalysis;CT2:T \ Cryptanalysis \ Classical \ Playfair Analysis
CT2:dynamic:d2203b62;2) Modern Ciphers;CT2:C \ Modern Ciphers \ Symmetric \ A5
CT2:dynamic:94329868;7) Modern Cryptanalysis;CT2:C \ Cryptanalysis \ Specific \ A5 Attack
CT2:dynamic:5e554a92;14) Tools;CT2:C \ Tools \ Misc \ Cloud Test Component
CT2:dynamic:36d50726;14) Tools;CT2:C \ Tools \ Data flow \ Array Indexer
CT2:dynamic:4b42ed9a;7) Modern Cryptanalysis;CT2:T \ Hash Functions \ Dictionary Attack on a password hash value
CT2:dynamic:9231a949;14) Tools;CT2:C \ Tools \ Data input \ output \ Audio Input
CT2:dynamic:db2a666c;14) Tools;CT2:C \ Tools \ Data input \ output \ Audio Output
CT2:dynamic:c242321a;13) Protocols;CT2:C \ Protocols \ Bitcoin Block Downloader
CT2:dynamic:d4ea7e1d;13) Protocols;CT2:T \ Experimental \ Bitcoin Blockchain Analysis
CT2:dynamic:5ec46cbe;13) Protocols;CT2:C \ Protocols \ Bitcoin Transaction Downloader
CT2:dynamic:d4ea7e1d;13) Protocols;CT2:T \ Experimental \ Bitcoin Blockchain Analysis
CT2:dynamic:ebede75b;2) Modern Ciphers;CT2:C \ Modern Ciphers \ Asymmetric \ Blind Signature Generator
CT2:dynamic:6ff88973;2) Modern Ciphers;CT2:T \ Cryptography \ Modern \ Asymmetric \ Blind Signature Paillier
CT2:dynamic:a22680c1;2) Modern Ciphers;CT2:T \ Cryptography \ Modern \ Asymmetric \ Blind Signature RSA
CT2:dynamic:124e9add;2) Modern Ciphers;CT2:C \ Modern Ciphers \ Asymmetric \ Blind Signature Verifier
CT2:dynamic:14d5b694;10) Learning Aids and Visualizations;CT2:C \ Tools \ Misc \ Blockmode Visualizer
CT2:dynamic:7935241d;10) Learning Aids and Visualizations;CT2:T \ Experimental \ Blockmode Visualizer
CT2:dynamic:c3a3927d;14) Tools;CT2:C \ Tools \ Boolean \ Boolean Input
CT2:dynamic:8b07fe29;14) Tools;CT2:T \ Tools \ Take a Picture using the webcam
CT2:dynamic:7c94ed2e;14) Tools;CT2:C \ Tools \ Boolean \ Boolean Output
CT2:dynamic:81208b59;9) Codings;CT2:T \ Codes \ ISBN-10 Check
CT2:dynamic:c1144ed6;9) Codings;CT2:T \ Codes \ ISBN-13 Check
CT2:dynamic:43c39728;12) Prime numbers;CT2:T \ Mathematics \ Next Smaller Prime Number
CT2:dynamic:df766f5f;13) Protocols;CT2:T \ Protocols \ Diffie-Hellman Key-Exchange
CT2:dynamic:75ffe28d;13) Protocols;CT2:T \ Protocols \ Yao's Millionaire Problem Protocol
CT2:dynamic:3bd3df70;14) Tools;CT2:C \ Tools \ Data flow \ Collector
CT2:dynamic:1a288f89;14) Tools;CT2:C \ Tools \ Misc \ Comparators
CT2:dynamic:81208b59;9) Codings;CT2:T \ Codes \ ISBN-10 Check
CT2:dynamic:c1144ed6;9) Codings;CT2:T \ Codes \ ISBN-13 Check
CT2:dynamic:df766f5f;13) Protocols;CT2:T \ Protocols \ Diffie-Hellman Key-Exchange
CT2:dynamic:78a463e2;14) Tools;CT2:C \ Tools \ Misc \ Converter
CT2:dynamic:b80a4189;14) Tools;CT2:C \ Tools \ Misc \ String Decoder
CT2:dynamic:c63e2bb2;14) Tools;CT2:C \ Tools \ Misc \ String Encoder
CT2:dynamic:c7d0a3b4;7) Modern Cryptanalysis;CT2:T \ Cryptanalysis \ Modern \ AES Analysis using Entropy (2) - with changeable plaintext
CT2:dynamic:c7d0a3b4;7) Modern Cryptanalysis;CT2:T \ Cryptanalysis \ Modern \ AES Analysis using Entropy (2) - with changeable plaintext
CT2:dynamic:db05627d;7) Modern Cryptanalysis;CT2:W \ Encryption \ Decryption \ Modern Encryption \ Decryption \ Symmetric Encryption \ Decryption \ AES
CT2:dynamic:2c388873;1) Classic Ciphers;CT2:C \ Tools \ Misc \ CypherMatrix
CT2:dynamic:b09f171e;1) Classic Ciphers;CT2:T \ Experimental \ CypherMatrix Cipher (File Input)
CT2:dynamic:5e7de1a6;1) Classic Ciphers;CT2:T \ Experimental \ CypherMatrix Cipher
CT2:dynamic:4f7b3d78;14) Tools;CT2:C \ Tools \ Misc \ CypherMatrix Hash
CT2:dynamic:acb12b05;7) Modern Cryptanalysis;CT2:C \ Cryptanalysis \ Specific \ DCA KeyRecovery
CT2:dynamic:1bf13fcd;7) Modern Cryptanalysis;CT2:T \ Cryptanalysis \ Modern \ Differential Cryptanalysis Tutorial 1
CT2:dynamic:795e8949;7) Modern Cryptanalysis;CT2:T \ Cryptanalysis \ Modern \ Differential Cryptanalysis Tutorial 1 (automatic mode)
CT2:dynamic:c08be9d1;10) Learning Aids and Visualizations;CT2:T \ Cryptanalysis \ Modern \ Differential Cryptanalysis Tutorial 1 (tutorial mode)
CT2:dynamic:6f0254d5;7) Modern Cryptanalysis;CT2:T \ Cryptanalysis \ Modern \ Differential Cryptanalysis Tutorial 2
CT2:dynamic:5583b8d0;7) Modern Cryptanalysis;CT2:T \ Cryptanalysis \ Modern \ Differential Cryptanalysis Tutorial 2 (automatic mode)
CT2:dynamic:a09de055;10) Learning Aids and Visualizations;CT2:T \ Cryptanalysis \ Modern \ Differential Cryptanalysis Tutorial 2 (tutorial mode)
CT2:dynamic:efd62fe7;7) Modern Cryptanalysis;CT2:T \ Cryptanalysis \ Modern \ Differential Cryptanalysis Tutorial 3
CT2:dynamic:8551f5f9;7) Modern Cryptanalysis;CT2:T \ Cryptanalysis \ Modern \ Differential Cryptanalysis Tutorial 3 (automatic mode)
CT2:dynamic:73666a5e;10) Learning Aids and Visualizations;CT2:T \ Cryptanalysis \ Modern \ Differential Cryptanalysis Tutorial 3 (tutorial mode)
CT2:dynamic:684add32;7) Modern Cryptanalysis;CT2:C \ Cryptanalysis \ Specific \ DCA Oracle
CT2:dynamic:1bf13fcd;7) Modern Cryptanalysis;CT2:T \ Cryptanalysis \ Modern \ Differential Cryptanalysis Tutorial 1
CT2:dynamic:795e8949;7) Modern Cryptanalysis;CT2:T \ Cryptanalysis \ Modern \ Differential Cryptanalysis Tutorial 1 (automatic mode)
CT2:dynamic:c08be9d1;10) Learning Aids and Visualizations;CT2:T \ Cryptanalysis \ Modern \ Differential Cryptanalysis Tutorial 1 (tutorial mode)
CT2:dynamic:6f0254d5;7) Modern Cryptanalysis;CT2:T \ Cryptanalysis \ Modern \ Differential Cryptanalysis Tutorial 2
CT2:dynamic:5583b8d0;7) Modern Cryptanalysis;CT2:T \ Cryptanalysis \ Modern \ Differential Cryptanalysis Tutorial 2 (automatic mode)
CT2:dynamic:a09de055;10) Learning Aids and Visualizations;CT2:T \ Cryptanalysis \ Modern \ Differential Cryptanalysis Tutorial 2 (tutorial mode)
CT2:dynamic:efd62fe7;7) Modern Cryptanalysis;CT2:T \ Cryptanalysis \ Modern \ Differential Cryptanalysis Tutorial 3
CT2:dynamic:8551f5f9;7) Modern Cryptanalysis;CT2:T \ Cryptanalysis \ Modern \ Differential Cryptanalysis Tutorial 3 (automatic mode)
CT2:dynamic:73666a5e;10) Learning Aids and Visualizations;CT2:T \ Cryptanalysis \ Modern \ Differential Cryptanalysis Tutorial 3 (tutorial mode)
CT2:dynamic:68e62348;7) Modern Cryptanalysis;CT2:C \ Cryptanalysis \ Specific \ DCA PathFinder
CT2:dynamic:1bf13fcd;7) Modern Cryptanalysis;CT2:T \ Cryptanalysis \ Modern \ Differential Cryptanalysis Tutorial 1
CT2:dynamic:795e8949;7) Modern Cryptanalysis;CT2:T \ Cryptanalysis \ Modern \ Differential Cryptanalysis Tutorial 1 (automatic mode)
CT2:dynamic:c08be9d1;10) Learning Aids and Visualizations;CT2:T \ Cryptanalysis \ Modern \ Differential Cryptanalysis Tutorial 1 (tutorial mode)
CT2:dynamic:6f0254d5;7) Modern Cryptanalysis;CT2:T \ Cryptanalysis \ Modern \ Differential Cryptanalysis Tutorial 2
CT2:dynamic:5583b8d0;7) Modern Cryptanalysis;CT2:T \ Cryptanalysis \ Modern \ Differential Cryptanalysis Tutorial 2 (automatic mode)
CT2:dynamic:a09de055;10) Learning Aids and Visualizations;CT2:T \ Cryptanalysis \ Modern \ Differential Cryptanalysis Tutorial 2 (tutorial mode)
CT2:dynamic:efd62fe7;7) Modern Cryptanalysis;CT2:T \ Cryptanalysis \ Modern \ Differential Cryptanalysis Tutorial 3
CT2:dynamic:8551f5f9;7) Modern Cryptanalysis;CT2:T \ Cryptanalysis \ Modern \ Differential Cryptanalysis Tutorial 3 (automatic mode)
CT2:dynamic:73666a5e;10) Learning Aids and Visualizations;CT2:T \ Cryptanalysis \ Modern \ Differential Cryptanalysis Tutorial 3 (tutorial mode)
CT2:dynamic:1eb44a78;7) Modern Cryptanalysis;CT2:C \ Cryptanalysis \ Specific \ DCA PathVisualizer
CT2:dynamic:1bf13fcd;7) Modern Cryptanalysis;CT2:T \ Cryptanalysis \ Modern \ Differential Cryptanalysis Tutorial 1
CT2:dynamic:795e8949;7) Modern Cryptanalysis;CT2:T \ Cryptanalysis \ Modern \ Differential Cryptanalysis Tutorial 1 (automatic mode)
CT2:dynamic:c08be9d1;10) Learning Aids and Visualizations;CT2:T \ Cryptanalysis \ Modern \ Differential Cryptanalysis Tutorial 1 (tutorial mode)
CT2:dynamic:6f0254d5;7) Modern Cryptanalysis;CT2:T \ Cryptanalysis \ Modern \ Differential Cryptanalysis Tutorial 2
CT2:dynamic:5583b8d0;7) Modern Cryptanalysis;CT2:T \ Cryptanalysis \ Modern \ Differential Cryptanalysis Tutorial 2 (automatic mode)
CT2:dynamic:a09de055;10) Learning Aids and Visualizations;CT2:T \ Cryptanalysis \ Modern \ Differential Cryptanalysis Tutorial 2 (tutorial mode)
CT2:dynamic:efd62fe7;7) Modern Cryptanalysis;CT2:T \ Cryptanalysis \ Modern \ Differential Cryptanalysis Tutorial 3
CT2:dynamic:8551f5f9;7) Modern Cryptanalysis;CT2:T \ Cryptanalysis \ Modern \ Differential Cryptanalysis Tutorial 3 (automatic mode)
CT2:dynamic:73666a5e;10) Learning Aids and Visualizations;CT2:T \ Cryptanalysis \ Modern \ Differential Cryptanalysis Tutorial 3 (tutorial mode)
CT2:dynamic:45594869;7) Modern Cryptanalysis;CT2:C \ Cryptanalysis \ Specific \ DCA ToyCipher
CT2:dynamic:1bf13fcd;7) Modern Cryptanalysis;CT2:T \ Cryptanalysis \ Modern \ Differential Cryptanalysis Tutorial 1
CT2:dynamic:795e8949;7) Modern Cryptanalysis;CT2:T \ Cryptanalysis \ Modern \ Differential Cryptanalysis Tutorial 1 (automatic mode)
CT2:dynamic:c08be9d1;10) Learning Aids and Visualizations;CT2:T \ Cryptanalysis \ Modern \ Differential Cryptanalysis Tutorial 1 (tutorial mode)
CT2:dynamic:6f0254d5;7) Modern Cryptanalysis;CT2:T \ Cryptanalysis \ Modern \ Differential Cryptanalysis Tutorial 2
CT2:dynamic:5583b8d0;7) Modern Cryptanalysis;CT2:T \ Cryptanalysis \ Modern \ Differential Cryptanalysis Tutorial 2 (automatic mode)
CT2:dynamic:a09de055;10) Learning Aids and Visualizations;CT2:T \ Cryptanalysis \ Modern \ Differential Cryptanalysis Tutorial 2 (tutorial mode)
CT2:dynamic:efd62fe7;7) Modern Cryptanalysis;CT2:T \ Cryptanalysis \ Modern \ Differential Cryptanalysis Tutorial 3
CT2:dynamic:8551f5f9;7) Modern Cryptanalysis;CT2:T \ Cryptanalysis \ Modern \ Differential Cryptanalysis Tutorial 3 (automatic mode)
CT2:dynamic:73666a5e;10) Learning Aids and Visualizations;CT2:T \ Cryptanalysis \ Modern \ Differential Cryptanalysis Tutorial 3 (tutorial mode)
CT2:dynamic:03fc9bb2;14) Tools;CT2:C \ Others \ DECODEClustererCaption
CT2:dynamic:ef5f1de0;14) Tools;CT2:C \ Others \ DECODE Decipherer
CT2:dynamic:e2b84699;14) Tools;CT2:C \ Others \ DECODE Downloader
CT2:dynamic:f56e061e;14) Tools;CT2:T \ Tools \ Download documents from the DECODE database
CT2:dynamic:7954ab21;14) Tools;CT2:C \ Others \ DecodeParserTesterCaption
CT2:dynamic:dff3ad38;14) Tools;CT2:C \ Others \ DECODESymbolHeatmapCaption
CT2:dynamic:f2c5622e;14) Tools;CT2:C \ Tools \ Data input \ output \ DECODE Viewer
CT2:dynamic:f56e061e;14) Tools;CT2:T \ Tools \ Download documents from the DECODE database
CT2:dynamic:9f6dc562;14) Tools;CT2:C \ Tools \ Misc \ Example Plugin
CT2:dynamic:3c764f26;2) Modern Ciphers;CT2:C \ Modern Ciphers \ Symmetric \ FEAL
CT2:dynamic:5f184770;2) Modern Ciphers;CT2:C \ Modern Ciphers \ Symmetric \ Format Preserving Encryption (FPE)
CT2:dynamic:854df8cb;7) Modern Cryptanalysis;CT2:C \ Cryptanalysis \ Specific \ GrainV0 Attack
CT2:dynamic:1242b4d9;2) Modern Ciphers;CT2:C \ Modern Ciphers \ Symmetric \ GrainV0
CT2:dynamic:cb183245;7) Modern Cryptanalysis;CT2:C \ Cryptanalysis \ Specific \ Grain V1 Attack
CT2:dynamic:5f835b3f;3) Hash and MAC Algorithms;CT2:C \ Hash functions \ Gr?stl
CT2:dynamic:23f21250;3) Hash and MAC Algorithms;CT2:T \ Hash Functions \ Gr?stl
CT2:dynamic:43df0ad3;3) Hash and MAC Algorithms;CT2:T \ Hash Functions \ Password storage using salted Gr?stl-256
CT2:dynamic:941b7202;3) Hash and MAC Algorithms;CT2:T \ Hash Functions \ Password verification using salted Gr?stl-256
CT2:dynamic:cd7ceca9;3) Hash and MAC Algorithms;CT2:C \ Hash functions \ HKDF SHA-256
CT2:dynamic:f2c23b74;3) Hash and MAC Algorithms;CT2:T \ Hash Functions \ KDF Performance Comparison (without presentation)
CT2:dynamic:cd9c28ff;3) Hash and MAC Algorithms;CT2:T \ Hash Functions \ KDF Performance Comparison (with presentation)
CT2:dynamic:d50a9965;6) Classic Cryptanalysis;CT2:C \ Cryptanalysis \ Specific \ Homophonic Substitution Analyzer
CT2:dynamic:2f48311b;6) Classic Cryptanalysis;CT2:T \ Cryptanalysis \ Classical \ Homophonic Substitution Analysis
CT2:dynamic:455c8321;6) Classic Cryptanalysis;CT2:T \ Cryptanalysis \ Classical \ Zodiac-408 Analysis
CT2:dynamic:bff35049;14) Tools;CT2:C \ Tools \ Misc \ ImageProcessor
CT2:dynamic:070870b6;5) Random Number Generators;CT2:T \ Tools \ Keccak pseudorandom number generator (PRNG)
CT2:dynamic:79c0e4cc;3) Hash and MAC Algorithms;CT2:C \ Hash functions \ KKDF SHA-256
CT2:dynamic:3cd9e5ac;3) Hash and MAC Algorithms;CT2:C \ Hash functions \ KKDF SHAKE256
CT2:dynamic:17e9466f;14) Tools;CT2:C \ Tools \ Misc \ Length
CT2:dynamic:4b42ed9a;7) Modern Cryptanalysis;CT2:T \ Hash Functions \ Dictionary Attack on a password hash value
CT2:dynamic:7944d5b2;2) Modern Ciphers;CT2:T \ Cryptography \ Modern \ Symmetric \ Mickey 2 Cipher
CT2:dynamic:64ff919b;14) Tools;CT2:C \ Tools \ Data input \ output \ Network Capture
CT2:dynamic:6d8f1007;13) Protocols;CT2:T \ Protocols \ Heartbleed Test
CT2:dynamic:9dc867ec;13) Protocols;CT2:T \ Protocols \ HTTP Request
CT2:dynamic:fce2f6a4;13) Protocols;CT2:T \ Protocols \ Simple Webserver
CT2:dynamic:765b9a28;13) Protocols;CT2:T \ Protocols \ Simple Multi Client Communication
CT2:dynamic:6d8f1007;13) Protocols;CT2:T \ Protocols \ Heartbleed Test
CT2:dynamic:765b9a28;13) Protocols;CT2:T \ Protocols \ Simple Multi Client Communication
CT2:dynamic:66573448;12) Prime numbers;CT2:C \ Cryptanalysis \ Generic \ NFS Factorizer
CT2:dynamic:af6c864f;12) Prime numbers;CT2:T \ Experimental \ Factorization with NFSFactorizer
CT2:dynamic:834e9111;14) Tools;CT2:C \ Tools \ Data input \ output \ Number Input
CT2:dynamic:1e47be58;14) Tools;CT2:C \ Tools \ Misc \ Number Operation
CT2:dynamic:6ff88973;2) Modern Ciphers;CT2:T \ Cryptography \ Modern \ Asymmetric \ Blind Signature Paillier
CT2:dynamic:a22680c1;2) Modern Ciphers;CT2:T \ Cryptography \ Modern \ Asymmetric \ Blind Signature RSA
CT2:dynamic:43191ec6;2) Modern Ciphers;CT2:C \ Modern Ciphers \ Asymmetric \ Paillier Key Generator
CT2:dynamic:6b598e80;12) Prime numbers;CT2:C \ Cryptanalysis \ Generic \ Quadratic Sieve
CT2:dynamic:4db32eaa;12) Prime numbers;CT2:T \ Mathematics \ Factorization with Quadratic Sieve (QS)
CT2:dynamic:141c44b7;5) Random Number Generators;CT2:C \ Tools \ Misc \ Random Number Generator
CT2:dynamic:7b404ab3;5) Random Number Generators;CT2:T \ Tools \ Random number generators
CT2:dynamic:ce5f6b05;14) Tools;CT2:C \ Tools \ Data flow \ Regular Expression Match
CT2:dynamic:75ffe28d;13) Protocols;CT2:T \ Protocols \ Yao's Millionaire Problem Protocol
CT2:dynamic:75ffe28d;13) Protocols;CT2:T \ Protocols \ Yao's Millionaire Problem Protocol
CT2:dynamic:d4de3d9e;14) Tools;CT2:C \ Tools \ Data flow \ Serializer
CT2:dynamic:a28eb5ae;6) Classic Cryptanalysis;CT2:C \ Cryptanalysis \ Specific \ Spanish Strip Cipher Analyzer
CT2:dynamic:ef11eb22;6) Classic Cryptanalysis;CT2:T \ Experimental \ Spanish Strip Cipher Analyzer
CT2:dynamic:cb5be9f5;14) Tools;CT2:C \ Tools \ Misc \ StreamSplitter
CT2:dynamic:5eb192a6;1) Classic Ciphers;CT2:C \ Classic Ciphers \ T-310
CT2:dynamic:b092d3d0;1) Classic Ciphers;CT2:T \ Cryptography \ Classical \ T-310 \ 50 Cipher Machine
CT2:dynamic:a99a4ffa;1) Classic Ciphers;CT2:T \ Cryptography \ Classical \ T-310 \ 51 Cipher Machine
CT2:dynamic:98353e86;1) Classic Ciphers;CT2:C \ Classic Ciphers \ T-316
CT2:dynamic:a5b8baa4;14) Tools;CT2:C \ Tools \ Data flow \ UserCode
CT2:dynamic:d2013a78;14) Tools;CT2:C \ Tools \ Data flow \ Variable Load
CT2:dynamic:df766f5f;13) Protocols;CT2:T \ Protocols \ Diffie-Hellman Key-Exchange
CT2:dynamic:de1f1a39;14) Tools;CT2:C \ Tools \ Data flow \ Variable Store
CT2:dynamic:df766f5f;13) Protocols;CT2:T \ Protocols \ Diffie-Hellman Key-Exchange
CT2:dynamic:8b704c3e;14) Tools;CT2:C \ Tools \ Misc \ Camera
CT2:dynamic:8b07fe29;14) Tools;CT2:T \ Tools \ Take a Picture using the webcam
CT2:dynamic:b5e29ae5;14) Tools;CT2:C \ Tools \ Misc \ WebHits
CT2:dynamic:b78d06b0;14) Tools;CT2:T \ Experimental \ Webhits for a hash value
CT2:dynamic:75ffe28d;13) Protocols;CT2:T \ Protocols \ Yao's Millionaire Problem Protocol
CT2:dynamic:75ffe28d;13) Protocols;CT2:T \ Protocols \ Yao's Millionaire Problem Protocol
CT2:dynamic:75ffe28d;13) Protocols;CT2:T \ Protocols \ Yao's Millionaire Problem Protocol
CT2:dynamic:070870b6;5) Random Number Generators;CT2:T \ Tools \ Keccak pseudorandom number generator (PRNG)
CT2:dynamic:19209629;14) Tools;CT2:C \ Tools \ Misc \ Progress
CT2:dynamic:4b42ed9a;7) Modern Cryptanalysis;CT2:T \ Hash Functions \ Dictionary Attack on a password hash value
CT2:dynamic:ffb56bfd;7) Modern Cryptanalysis;CT2:C \ Cryptanalysis \ Specific \ Slide Attack on Feistel Cipher
CT2:dynamic:06cad5a0;7) Modern Cryptanalysis;CT2:C \ Modern Ciphers \ Symmetric \ Slide Attack on TREYFER
CT2:dynamic:4b42ed9a;7) Modern Cryptanalysis;CT2:T \ Hash Functions \ Dictionary Attack on a password hash value
CT2:dynamic:2f3ee9c9;6) Classic Cryptanalysis;CT2:T \ Cryptanalysis \ Classical \ Monoalphabetic Substitution Analyzer with arbitrary Ciphertext Alphabet
CT2:dynamic:629cfa61;1) Classic Ciphers;CT2:T \ Cryptography \ Classical \ Homophonic Substitution Cipher and Nomenclature -- Decryption
CT2:dynamic:8b14e756;1) Classic Ciphers;CT2:T \ Cryptography \ Classical \ Homophonic Substitution Cipher and Nomenclature -- Encryption
CT2:dynamic:43070cb5;7) Modern Cryptanalysis;CT2:C \ Cryptanalysis \ Specific \ Alg. attack: System of equations
CT2:dynamic:2dc1b7c3;2) Modern Ciphers;CT2:W \ Encryption \ Decryption \ Modern Encryption \ Decryption \ Symmetric Encryption \ Decryption \ TEA
CT2:dynamic:d4be2e75;14) Tools;CT2:C \ Tools \ Data input \ output \ Text Input
CT2:dynamic:e0c35294;6) Classic Cryptanalysis;CT2:T \ Experimental \ SIGABA bruteforce Analysis
CT2:dynamic:734b4e59;6) Classic Cryptanalysis;CT2:T \ Experimental \ SIGABA contraposition Analysis
CT2:dynamic:b78d06b0;14) Tools;CT2:T \ Experimental \ Webhits for a hash value
CT2:dynamic:036fcd8b;2) Modern Ciphers;CT2:C \ Modern Ciphers \ Symmetric \ TREYFER
CT2:dynamic:09e718dc;1) Classic Ciphers;CT2:C \ Classic Ciphers \ Vigen?re
CT2:dynamic:2838c6d9;6) Classic Cryptanalysis;CT2:T \ Cryptanalysis \ Classical \ Vigen?re Analysis
CT2:dynamic:d14c952f;1) Classic Ciphers;CT2:T \ Cryptography \ Classical \ Vigen?re Cipher
CT2:dynamic:c87f2685;1) Classic Ciphers;CT2:W \ Encryption \ Decryption \ Classic Encryption \ Decryption \ Vigen?re
CT2:dynamic:fa5024dd;6) Classic Cryptanalysis;CT2:W \ Cryptanalysis \ Classic Encryption \ Vigen?re
CT2:dynamic:449c779d;6) Classic Cryptanalysis;CT2:C \ Cryptanalysis \ Specific \ Vigen?re Analyzer
CT2:dynamic:994cb391;14) Tools;CT2:C \ Tools \ Data flow \ CSVReader
CT2:dynamic:4b42ed9a;7) Modern Cryptanalysis;CT2:T \ Hash Functions \ Dictionary Attack on a password hash value
CT2:dynamic:7e89d6ac;14) Tools;CT2:C \ Tools \ Data input \ output \ File Input
CT2:dynamic:b09f171e;1) Classic Ciphers;CT2:T \ Experimental \ CypherMatrix Cipher (File Input)
CT2:dynamic:9535dab2;14) Tools;CT2:C \ Tools \ Data input \ output \ File Output
CT2:dynamic:b09f171e;1) Classic Ciphers;CT2:T \ Experimental \ CypherMatrix Cipher (File Input)
CT2:dynamic:39986255;6) Classic Cryptanalysis;CT2:T \ Cryptanalysis \ Classical \ Enigma Analyzer
CT2:dynamic:6cc1ca87;14) Tools;CT2:C \ Tools \ Data flow \ Gate
CT2:dynamic:4b42ed9a;7) Modern Cryptanalysis;CT2:T \ Hash Functions \ Dictionary Attack on a password hash value
CT2:dynamic:e09bfa66;14) Tools;CT2:T \ Mathematics \ Loop (1)
CT2:dynamic:43c39728;12) Prime numbers;CT2:T \ Mathematics \ Next Smaller Prime Number
CT2:dynamic:e710814c;14) Tools;CT2:C \ Tools \ Misc \ Inc Dec
CT2:dynamic:e09bfa66;14) Tools;CT2:T \ Mathematics \ Loop (1)
CT2:dynamic:75ffe28d;13) Protocols;CT2:T \ Protocols \ Yao's Millionaire Problem Protocol
CT2:dynamic:3aac8f45;13) Protocols;CT2:C \ Protocols \ ISAP Bit Commitment Scheme
CT2:dynamic:c7d0a3b4;7) Modern Cryptanalysis;CT2:T \ Cryptanalysis \ Modern \ AES Analysis using Entropy (2) - with changeable plaintext
CT2:dynamic:93c6ce27;10) Learning Aids and Visualizations;CT2:N \ Crypto tutorials \ Lattice-based cryptography
CT2:dynamic:b2f6b1f3;13) Protocols;CT2:C \ Protocols \ ManInTheMiddle
CT2:dynamic:d36a5f14;12) Prime numbers;CT2:T \ Experimental \ Factorization with General Number Field Sieve (GNFS)
CT2:dynamic:41e4a3f0;14) Tools;CT2:C \ Tools \ Data input \ output \ Picture Output
CT2:dynamic:8b07fe29;14) Tools;CT2:T \ Tools \ Take a Picture using the webcam
CT2:dynamic:f83d7ed8;10) Learning Aids and Visualizations;CT2:N \ Crypto tutorials \ Attack on PKCS#1
CT2:dynamic:e8080fd3;10) Learning Aids and Visualizations;CT2:N \ Crypto tutorials \ Attack on PKCS#1 \ Attack on PKCS#1 \ Bleichenbacher attack
CT2:dynamic:03459821;7) Modern Cryptanalysis;CT2:N \ Crypto tutorials \ Attack on PKCS#1 \ Attack on PKCS#1 \ Attack with shorter keys (Kuehn)
CT2:dynamic:85d76478;10) Learning Aids and Visualizations;CT2:N \ Crypto tutorials \ World of Primes \ Primality test \ Sieve of Eratosthenes
CT2:dynamic:43c39728;12) Prime numbers;CT2:T \ Mathematics \ Next Smaller Prime Number
CT2:dynamic:ee9e01a8;14) Tools;CT2:C \ Tools \ Data flow \ Regular Expression Replace
CT2:dynamic:4b42ed9a;7) Modern Cryptanalysis;CT2:T \ Hash Functions \ Dictionary Attack on a password hash value
CT2:dynamic:e4eb8008;1) Classic Ciphers;CT2:C \ Tools \ Misc \ Sigaba
CT2:dynamic:e0c35294;6) Classic Cryptanalysis;CT2:T \ Experimental \ SIGABA bruteforce Analysis
CT2:dynamic:734b4e59;6) Classic Cryptanalysis;CT2:T \ Experimental \ SIGABA contraposition Analysis
CT2:dynamic:472c4a23;6) Classic Cryptanalysis;CT2:C \ Tools \ Misc \ SigabaBruteforce
CT2:dynamic:e0c35294;6) Classic Cryptanalysis;CT2:T \ Experimental \ SIGABA bruteforce Analysis
CT2:dynamic:bdcd691b;13) Protocols;CT2:C \ Protocols \ SoapMessage
CT2:dynamic:2bad8d77;6) Classic Cryptanalysis;CT2:C \ Cryptanalysis \ Specific \ Solitaire Analyzer
CT2:dynamic:4abf7c39;14) Tools;CT2:C \ Tools \ Data flow \ Splitter
CT2:dynamic:4eb53052;14) Tools;CT2:C \ Tools \ Data input \ output \ Text Output
CT2:dynamic:e0c35294;6) Classic Cryptanalysis;CT2:T \ Experimental \ SIGABA bruteforce Analysis
CT2:dynamic:734b4e59;6) Classic Cryptanalysis;CT2:T \ Experimental \ SIGABA contraposition Analysis
CT2:dynamic:b78d06b0;14) Tools;CT2:T \ Experimental \ Webhits for a hash value
CT2:dynamic:c95a4bea;1) Classic Ciphers;CT2:W \ Encryption \ Decryption \ Classic Encryption \ Decryption \ Transposition
CT2:dynamic:9890cbfd;13) Protocols;CT2:C \ Protocols \ WebService
CT2:dynamic:cfd1e6e3;6) Classic Cryptanalysis;CT2:W \ Cryptanalysis \ Classic Encryption \ Monoalphabetic Substitution
CT2:dynamic:e74bc3c8;7) Modern Cryptanalysis;CT2:W \ Cryptanalysis \ Modern Encryption \ Symmetric Encryption \ AES \ Ciphertext-only
CT2:dynamic:e8e36ee0;7) Modern Cryptanalysis;CT2:W \ Cryptanalysis \ Modern Encryption \ Symmetric Encryption \ AES \ Known plaintext
CT2:dynamic:3e97a0d7;7) Modern Cryptanalysis;CT2:W \ Cryptanalysis \ Modern Encryption \ Symmetric Encryption \ DES \ Known plaintext
CT2:dynamic:cacd47c0;7) Modern Cryptanalysis;CT2:W \ Cryptanalysis \ Modern Encryption \ Symmetric Encryption \ SDES \ Known plaintext
CT2:dynamic:d51a8199;13) Protocols;CT2:W \ Tools \ Encrypt with password
CT2:dynamic:56d09a3c;5) Random Number Generators;CT2:W \ Tools \ Random numbers
CT2:dynamic:b03e2260;<enter category here>;CT2:C \ Cryptanalysis \ Generic \ CryptAnalysisEvaluator
CT2:dynamic:9cd98f7e;<enter category here>;CT2:C \ Cryptanalysis \ Generic \ EvaluationContainerInput
CT2:dynamic:a44d2f22;<enter category here>;CT2:C \ Cryptanalysis \ Generic \ TestVectorGenerator
CT2:dynamic:f562e8d8;<enter category here>;CT2:C \ Tools \ Misc \ Cryptanalytic Process Executor
CT2:dynamic:ce4a9661;<enter category here>;CT2:T \ Experimental \ Encrypted VM (Wrong Number of Cycles)
CT2:dynamic:6c89cceb;<enter category here>;CT2:T \ Experimental \ Encrypted VM (Simple Example)
CT2:dynamic:93ff7e36;<enter category here>;CT2:T \ Experimental \ Encrypted VM (Machine Code Output)
CT2:dynamic:fa86b2b3;<enter category here>;CT2:T \ Experimental \ Encrypted VM (Very long Execution Time)
CT2:dynamic:ce4a9661;<enter category here>;CT2:T \ Experimental \ Encrypted VM (Wrong Number of Cycles)
CT2:dynamic:6c89cceb;<enter category here>;CT2:T \ Experimental \ Encrypted VM (Simple Example)
CT2:dynamic:93ff7e36;<enter category here>;CT2:T \ Experimental \ Encrypted VM (Machine Code Output)
CT2:dynamic:fa86b2b3;<enter category here>;CT2:T \ Experimental \ Encrypted VM (Very long Execution Time)
